382
17
27
30
105
54
45
62
17
44
27
57
20
21
69
30
17
30
22
65
23
20
21
34
26
20
112
23
24
72
25
64
49
27
24
17
49
120
26
26
22
40
89
30
80
23
20
20
39
41
252
25
40
24
52
166
179
21
46
20
22
21
26
22
30
22
48
31
21
30
17
111
22
23
22
31
24
17
26
660
26
21
372
186
47
21
17
108
24
48
521
445
98
17
20
27
20
45
128
40
30
17
82
21
98
27
24
50
255
115
20
59
45
25
40
24
49
51
50
20
161
72
530
30
20
464
300
27
498
23
74
22
65
73
551
52
23
118
300
471
17
20
40
58
22
20
49
22
84
22
20
81
46
26
50
21
20
21
26
22
27
25
24
22
30
21
31
71
25
26
51
27
31
296
24
128
30
26
27
25
20
25
79
35
17
27
432
122
80
22
485
24
40
44
27
92
20
22
29
28
40
20
21
21
543
24
26
24
30
54
20
20
31
20
20
24
30
347
25
21
24
25
244
44
23
21
26
17
24
63
156
167
20
46
20
17
67
65
151
67
75
20
59
514
27
20
24
20
223
140
23
26
22
21
154
113
25
147
21
24
39
21
17
21
44
579
23
49
43
22
26
20
49
28
55
114
17
89
21
217
379
20
40
43
27
52
17
26
24
27
49
35
17
44
17
22
108
17
50
56
65
85
420
606
607
22
27
26
17
74
24
74
79
51
29
61
22
31
378
31
45
17
26
47
27
39
161
24
20
24
22
44
20
50
94
22
20
27
17
20
34
24
42
22
17
64
21
24
69
17
31
26
26
40
49
17
62
31
25
20
22
24
25
20
48
80
43
31
20
29
563
17
560
20
27
63
27
20
21
20
51
85
21
96
25
420
40
52
26
24
50
33
52
21
71
60
187
29
115
24
263
44
17
264
30
89
20
21
152
68
71
25
352
27
47
24
45
26
20
20
25
69
20
17
41
21
93
49
17
31
20
26
100
129
111
28
159
51
23
40
26
72
225
24
160
20
129
21
17
25
30
467
21
20
35
216
24
30
293
27
21
20
523
20
86
26
50
75
22
20
43
26
30
45
30
88
22
28
58
17
161
109
52
30
20
170
45
53
25
25
17
160
245
31
91
25
22
26
20
478
489
27
50
24
47
50
42
114
20
76
167
51
17
17
44
202
21
169
44
30
28
27
63
51
27
51
31
91
17
28
23
121
55
63
17
50
431
137
165
89
54
27
72
17
24
17
21
98
25
20
20
21
46
23
103
24
98
28
49
27
251
26
42
24
31
20
67
47
24
17
63
47
48
27
41
142
17
17
238
39
140
342
20
24
17
42
21
22
24
43
23
26
629
126
202
49
20
26
21
21
17
20
60
25
20
20
20
24
227
90
209
133
127
17
253
20
133
17
53
69
68
21
17
223
24
23
26
89
328
39
20
22
17
337
118
21
25
22
57
116
97
92
89
53
22
49
41
26
30
603
23
20
32
26
17
17
111
24
22
17
26
86
31
129
26
66
68
21
46
65
17
54
48
17
88
17
20
39
31
52
22
74
26
118
20
278
67
21
34
27
136
47
40
376
62
267
17
31
17
17
26
42
25
22
64
17
21
22
137
28
24
126
20
32
21
119
70
106
134
70
43
24
20
25
23
17
22
46
103
20
282
20
17
28
96
518
17
17
395
31
40
108
83
17
241
45
21
31
20
97
27
26
70
40
20
41
506
544
45
46
20
17
17
22
66
17
25
155
23
152
20
20
20
71
205
26
137
21
57
20
47
69
21
69
194
259
20
24
20
22
20
20
21
23
55
67
20
47
49
22
514
46
304
86
231
17
56
268
26
28
31
27
17
174
72
23
145
17
20
173
21
105
31
469
21
108
245
26
31
25
17
25
20
24
22
17
65
30
21
22
21
17
27
50
49
150
17
25
273
68
20
23
72
94
24
62
31
25
31
30
31
22
28
103
67
32
22
94
245
17
20
463
64
22
75
94
27
26
23
17
50
130
43
28
20
184
96
31
21
21
25
24
272
67
50
25
17
17
48
22
32
24
20
23
39
17
25
156
17
31
39
40
34
22
20
308
22
72
17
27
86
30
24
49
31
54
24
21
21
17
333
81
17
70
34
156
152
31
55
41
53
48
27
133
26
51
26
20
48
680
24
41
25
21
53
20
69
21
361
26
110
22
32
21
25
51
56
23
45
25
23
17
28
257
28
71
41
42
55
57
30
17
24
533
17
40
54
32
25
521
49
20
68
21
50
52
31
26
27
514
